𝐒𝐢𝐦𝐮𝐥𝐚𝐭𝐢𝐨𝐧 𝐑𝐞𝐩𝐨𝐫𝐭
==================================================

The simulation was performed using the following objects:
  - N4_Consumer
  - N5_Consumer
  - N6_Consumer
  - Central_plant
  - Storage_N2
  - Pipe_1_supply
  - Pipe_1_return
  - Pipe_2_supply
  - Pipe_2_return
  - Pipe_3_supply
  - Pipe_3_return
  - Pipe_4_supply
  - Pipe_4_return
  - Pipe_5_supply
  - Pipe_5_return


𝐓𝐡𝐞𝐢𝐫 𝐢𝐧𝐩𝐮𝐭 𝐯𝐚𝐫𝐢𝐚𝐛𝐥𝐞𝐬 𝐰𝐞𝐫𝐞 𝐝𝐞𝐟𝐢𝐧𝐞𝐝 𝐚𝐬 𝐟𝐨𝐥𝐥𝐨𝐰𝐬:

==================================================
Pipe Objects Input Variables:
==================================================
T_amb: 
[273.2, 273.2, 273.2, 273.2, 273.2, 273.2, 273.2, 273.2, 273.2, 273.2, 273.2, 273.2]

==================================================
Consumer_time serie Input Variables:
==================================================
  -N4_Consumer:
Q_building_profile: 
[150000.0, 150000.0, 150000.0, 75000.0, 150000.0, 75000.0, 150000.0, 150000.0, 150000.0, 75000.0, 75000.0, 37500.0]

T_return_design: 
305

  -N5_Consumer:
Q_building_profile: 
[150000.0, 150000.0, 150000.0, 150000.0, 150000.0, 150000.0, 0, 0, 0, 0, 150000.0, 0]

T_return_design: 
305

  -N6_Consumer:
Q_building_profile: 
[150000.0, 150000.0, 150000.0, 150000.0, 37500.0, 75000.0, 150000.0, 150000.0, 150000.0, 150000.0, 150000.0, 150000.0]

T_return_design: 
305

==================================================
Slack Central production_time_serie_Input Variables:
==================================================

T_out_design: 
 360

P_out_design: 
 3

P_lift_design: 
 0.5

==================================================
HP Actors_time_serie_Input Variables:
==================================================
There is not existence of Bidirectional heat pump actors
==================================================
Storage Actors Input Variables:
==================================================
  -Storage_N2:
mass_flow: 
[0.0, 0.88, -0.15, -0.18, 0.88, 0.75, 0.75, -0.4, -0.5, 0.75, -0.5, -0.5]

T_amb: 
[273.2, 273.2, 273.2, 273.2, 273.2, 273.2, 273.2, 273.2, 273.2, 273.2, 273.2, 273.2]

==================================================
Multi Plant Input Variables:
==================================================
There is not existence of multiplant actors

==================================================

𝐈𝐧𝐢𝐭𝐢𝐚𝐥 𝐬𝐭𝐚𝐭𝐞 𝐨𝐟 𝐭𝐚𝐧𝐤 𝐞𝐧𝐞𝐫𝐠𝐲 𝐬𝐭𝐨𝐫𝐚𝐠𝐞 𝐝𝐞𝐯𝐢𝐜𝐞𝐬:
  -Storage_N2
T_hot_init=354.0
T_cold_init=313.0
v_hot_fraction=0.2
==================================================

Total simulation time: 0.60 seconds
Average time per step: 0.05 seconds
Number of hours simulated: 12 hours
==================================================

Time per step (seconds):
==================================================
Hour 0: 0.04867 seconds
Hour 1: 0.03638 seconds
Hour 2: 0.03994 seconds
Hour 3: 0.04289 seconds
Hour 4: 0.03948 seconds
Hour 5: 0.05269 seconds
Hour 6: 0.06281 seconds
Hour 7: 0.05542 seconds
Hour 8: 0.05445 seconds
Hour 9: 0.05723 seconds
Hour 10: 0.04658 seconds
Hour 11: 0.06354 seconds
==================================================

𝐓𝐡𝐞 𝐫𝐞𝐬𝐮𝐥𝐭𝐬 𝐨𝐟 𝐭𝐡𝐞 𝐬𝐢𝐦𝐮𝐥𝐚𝐭𝐢𝐨𝐧 𝐟𝐨𝐫 𝐞𝐚𝐜𝐡 𝐨𝐛𝐣𝐞𝐜𝐭 𝐚𝐫𝐞:

==================================================
  - 𝐍𝟒_𝐂𝐨𝐧𝐬𝐮𝐦𝐞𝐫

      mdot_kg_s     Pin    Pout
hour                           
1       0.66079 2.99899 2.50108
2       0.66000 2.99848 2.50158
3       0.66433 2.99905 2.50102
4       0.33600 2.99936 2.50070
5       0.66122 2.99899 2.50107
6       0.33347 2.99924 2.50081
7       0.66336 2.99951 2.50054
8       0.67274 2.99961 2.50044
9       0.67559 2.99963 2.50042
10      0.33433 2.99947 2.50057
11      0.33758 2.99946 2.50059
12      0.17508 2.99988 2.50015

==================================================

  - 𝐍𝟓_𝐂𝐨𝐧𝐬𝐮𝐦𝐞𝐫

      mdot_kg_s     Pin    Pout
hour                           
1       0.65982 2.99900 2.50107
2       0.65903 2.99849 2.50157
3       0.66335 2.99905 2.50101
4       0.66606 2.99934 2.50072
5       0.66025 2.99900 2.50106
6       0.66100 2.99922 2.50083
7       0.00000 2.99955 2.50049
8       0.00000 2.99965 2.50039
9       0.00000 2.99967 2.50037
10      0.00000 2.99949 2.50056
11      0.66921 2.99944 2.50062
12      0.00000 2.99988 2.50014

==================================================

  - 𝐍𝟔_𝐂𝐨𝐧𝐬𝐮𝐦𝐞𝐫

      mdot_kg_s     Pin    Pout
hour                           
1       0.66165 2.99898 2.50109
2       0.66086 2.99848 2.50159
3       0.66519 2.99904 2.50103
4       0.66790 2.99932 2.50074
5       0.16985 2.99902 2.50103
6       0.33432 2.99924 2.50081
7       0.66421 2.99950 2.50055
8       0.67360 2.99960 2.50045
9       0.67645 2.99962 2.50043
10      0.66456 2.99944 2.50061
11      0.67105 2.99942 2.50063
12      0.68620 2.99983 2.50020

==================================================

  - 𝐂𝐞𝐧𝐭𝐫𝐚𝐥_𝐩𝐥𝐚𝐧𝐭

      mdot_kg_s         Q_net   Delta_k
hour                                   
1       1.98226 459,515.79264 -55.30704
2       2.85989 632,560.58181 -52.77164
3       1.84288 427,240.71267 -55.31176
4       1.48996 345,819.89639 -55.37529
5       2.37131 525,958.55073 -52.91880
6       2.05256 456,761.96211 -53.09334
7       1.32757 308,253.03245 -55.39762
8       0.94634 219,906.11638 -55.44070
9       0.85204 198,052.37428 -55.45763
10      1.74888 399,606.66329 -54.51485
11      1.17785 273,508.65117 -55.40158
12      0.36128  84,581.33999 -55.85662

==================================================

  - 𝐒𝐭𝐨𝐫𝐚𝐠𝐞_𝐍𝟐

         T_hot    T_cold   V_hot  V_cold  by_pass  direction
hour                                                        
1    353.89403 312.94780 2.00000 8.00000  0.00000     static
2    356.10081 312.89568 5.22782 4.77218  0.00000    to_Thot
3    355.99209 312.08835 4.67762 5.32238  0.00000  discharge
4    355.88351 311.31182 4.01739 5.98261  0.00000  discharge
5    357.02080 311.26184 7.24521 2.75479  0.00000    to_Thot
6    357.51965 311.21192 9.90000 0.10000  0.02622    to_Thot
7    357.40907 311.16207 9.90000 0.10000  0.75000    to_Thot
8    357.29863 308.02509 8.43281 1.56719  0.00000  discharge
9    357.18834 306.84006 6.59882 3.40118  0.00000  discharge
10   357.68655 306.79594 9.34980 0.65020  0.00000    to_Thot
11   357.57575 305.89388 7.51581 2.48419  0.00000  discharge
12   357.46509 305.46909 5.68183 4.31817  0.00000  discharge

==================================================

  - 𝐏𝐢𝐩𝐞_𝟏_𝐬𝐮𝐩𝐩𝐥𝐲

      mdot_kg_s       Tin      Tout    P_in   P_out
hour                                               
1       1.98226 360.00000 359.78548 3.00000 2.99951
2       2.85989 360.00000 359.85125 3.00000 2.99901
3       1.84288 360.00000 359.49320 3.00000 2.99958
4       1.48996 360.00000 359.31352 3.00000 2.99972
5       2.37131 360.00000 359.82064 3.00000 2.99931
6       2.05256 360.00000 359.79281 3.00000 2.99948
7       1.32757 360.00000 359.67987 3.00000 2.99977
8       0.94634 360.00000 358.91485 3.00000 2.99988
9       0.85204 360.00000 358.68704 3.00000 2.99990
10      1.74888 360.00000 359.75689 3.00000 2.99962
11      1.17785 360.00000 359.05739 3.00000 2.99982
12      0.36128 360.00000 358.10160 3.00000 2.99998

==================================================

  - 𝐏𝐢𝐩𝐞_𝟏_𝐫𝐞𝐭𝐮𝐫𝐧

      mdot_kg_s       Tin      Tout    P_in   P_out
hour                                               
1       1.98226 304.77141 304.69296 2.50052 2.50000
2       2.85989 307.28709 307.22836 2.50102 2.50000
3       1.84288 304.77262 304.68824 2.50045 2.50000
4       1.48996 304.72890 304.62471 2.50030 2.50000
5       2.37131 307.15174 307.08120 2.50072 2.50000
6       2.05256 306.98775 306.90666 2.50055 2.50000
7       1.32757 304.71925 304.60238 2.50025 2.50000
8       0.94634 304.72315 304.55930 2.50014 2.50000
9       0.85204 304.72431 304.54237 2.50011 2.50000
10      1.74888 305.57632 305.48515 2.50041 2.50000
11      1.17785 304.73016 304.59842 2.50020 2.50000
12      0.36128 304.56869 304.14338 2.50003 2.50000

==================================================

  - 𝐏𝐢𝐩𝐞_𝟐_𝐬𝐮𝐩𝐩𝐥𝐲

      mdot_kg_s       Tin      Tout    P_in   P_out
hour                                               
1       1.98226 359.78548 359.57147 2.99951 2.99903
2       1.97989 359.85125 359.63683 2.99901 2.99852
3       1.99288 359.49320 359.28104 2.99958 2.99909
4       1.66996 359.31352 359.06092 2.99972 2.99937
5       1.49131 359.82064 359.53618 2.99931 2.99903
6       1.32879 359.79281 359.47373 2.99948 2.99925
7       1.32757 359.67987 359.36091 2.99977 2.99955
8       1.34634 358.91485 358.60306 2.99988 2.99965
9       1.35204 358.68704 358.37737 2.99990 2.99967
10      0.99888 359.75689 359.33285 2.99962 2.99949
11      1.67785 359.05739 358.80671 2.99982 2.99947
12      0.86128 358.10160 357.61925 2.99998 2.99988

==================================================

  - 𝐏𝐢𝐩𝐞_𝟐_𝐫𝐞𝐭𝐮𝐫𝐧

      mdot_kg_s       Tin      Tout    P_in   P_out
hour                                               
1       1.98226 304.85005 304.77141 2.50103 2.50052
2       1.97989 304.84987 307.28709 2.50154 2.50102
3       1.99288 304.85085 304.77262 2.50097 2.50045
4       1.66996 304.82215 304.72890 2.50068 2.50030
5       1.49131 304.80132 307.15174 2.50102 2.50072
6       1.32879 304.77673 306.98775 2.50079 2.50055
7       1.32757 304.83656 304.71925 2.50049 2.50025
8       1.34634 304.83883 304.72315 2.50039 2.50014
9       1.35204 304.83951 304.72431 2.50037 2.50011
10      0.99888 304.78301 305.57632 2.50056 2.50041
11      1.67785 304.82298 304.73016 2.50058 2.50020
12      0.86128 304.74883 304.56869 2.50014 2.50003

==================================================

  - 𝐏𝐢𝐩𝐞_𝟑_𝐬𝐮𝐩𝐩𝐥𝐲

      mdot_kg_s       Tin      Tout    P_in   P_out
hour                                               
1       0.66079 359.57147 359.16311 2.99903 2.99899
2       0.66000 359.63683 359.22767 2.99852 2.99848
3       0.66433 359.28104 358.87618 2.99909 2.99905
4       0.33600 359.06092 358.26427 2.99937 2.99936
5       0.66122 359.53618 359.12824 2.99903 2.99899
6       0.33347 359.47373 358.66726 2.99925 2.99924
7       0.66336 359.36091 358.95509 2.99955 2.99951
8       0.67274 358.60306 358.20635 2.99965 2.99961
9       0.67559 358.37737 357.98336 2.99967 2.99963
10      0.33433 359.33285 358.52974 2.99949 2.99947
11      0.33758 358.80671 358.01608 2.99947 2.99946
12      0.17508 357.61925 356.12192 2.99988 2.99988

==================================================

  - 𝐏𝐢𝐩𝐞_𝟑_𝐫𝐞𝐭𝐮𝐫𝐧

      mdot_kg_s       Tin      Tout    P_in   P_out
hour                                               
1       0.66079 305.00000 304.85005 2.50108 2.50103
2       0.66000 305.00000 304.84987 2.50158 2.50154
3       0.66433 305.00000 304.85085 2.50102 2.50097
4       0.33600 305.00000 304.82215 2.50070 2.50068
5       0.66122 305.00000 304.80132 2.50107 2.50102
6       0.33347 305.00000 304.77673 2.50081 2.50079
7       0.66336 305.00000 304.83656 2.50054 2.50049
8       0.67274 305.00000 304.83883 2.50044 2.50039
9       0.67559 305.00000 304.83951 2.50042 2.50037
10      0.33433 305.00000 304.78301 2.50057 2.50056
11      0.33758 305.00000 304.82298 2.50059 2.50058
12      0.17508 305.00000 304.74883 2.50015 2.50014

==================================================

  - 𝐏𝐢𝐩𝐞_𝟒_𝐬𝐮𝐩𝐩𝐥𝐲

      mdot_kg_s       Tin      Tout    P_in   P_out
hour                                               
1       0.65982 359.57147 359.24284 2.99903 2.99900
2       0.65903 359.63683 359.30756 2.99852 2.99849
3       0.66335 359.28104 358.95524 2.99909 2.99905
4       0.66606 359.06092 358.73725 2.99937 2.99934
5       0.66025 359.53618 359.20789 2.99903 2.99900
6       0.66100 359.47373 359.14605 2.99925 2.99922
7       0.00000 359.36091 293.15000 2.99955 2.99955
8       0.00000 358.60306 293.15000 2.99965 2.99965
9       0.00000 358.37737 293.15000 2.99967 2.99967
10      0.00000 359.33285 293.15000 2.99949 2.99949
11      0.66921 358.80671 358.48550 2.99947 2.99944
12     -0.00000 357.61925 293.15000 2.99988 2.99988

==================================================

  - 𝐏𝐢𝐩𝐞_𝟒_𝐫𝐞𝐭𝐮𝐫𝐧

      mdot_kg_s       Tin      Tout    P_in   P_out
hour                                               
1       0.65982 305.00000 304.85005 2.50107 2.50103
2       0.65903 305.00000 304.84987 2.50157 2.50154
3       0.66335 305.00000 304.85085 2.50101 2.50097
4       0.66606 305.00000 304.82215 2.50072 2.50068
5       0.66025 305.00000 304.80132 2.50106 2.50102
6       0.66100 305.00000 304.77673 2.50083 2.50079
7       0.00000 293.15000 304.83656 2.50049 2.50049
8       0.00000 293.15000 304.83883 2.50039 2.50039
9       0.00000 293.15000 304.83951 2.50037 2.50037
10      0.00000 293.15000 304.78301 2.50056 2.50056
11      0.66921 305.00000 304.82298 2.50062 2.50058
12     -0.00000 293.15000 304.74883 2.50014 2.50014

==================================================

  - 𝐏𝐢𝐩𝐞_𝟓_𝐬𝐮𝐩𝐩𝐥𝐲

      mdot_kg_s       Tin      Tout    P_in   P_out
hour                                               
1       0.66165 359.57147 359.09332 2.99903 2.99898
2       0.66086 359.63683 359.15775 2.99852 2.99848
3       0.66519 359.28104 358.80700 2.99909 2.99904
4       0.66790 359.06092 358.58998 2.99937 2.99932
5       0.16985 359.53618 357.68887 2.99903 2.99902
6       0.33432 359.47373 358.53100 2.99925 2.99924
7       0.66421 359.36091 358.88574 2.99955 2.99950
8       0.67360 358.60306 358.13854 2.99965 2.99960
9       0.67645 358.37737 357.91601 2.99967 2.99962
10      0.66456 359.33285 358.85808 2.99949 2.99944
11      0.67105 358.80671 358.33934 2.99947 2.99942
12      0.68620 357.61925 357.16840 2.99988 2.99983

==================================================

  - 𝐏𝐢𝐩𝐞_𝟓_𝐫𝐞𝐭𝐮𝐫𝐧

      mdot_kg_s       Tin      Tout    P_in   P_out
hour                                               
1       0.66165 305.00000 304.85005 2.50109 2.50103
2       0.66086 305.00000 304.84987 2.50159 2.50154
3       0.66519 305.00000 304.85085 2.50103 2.50097
4       0.66790 305.00000 304.82215 2.50074 2.50068
5       0.16985 305.00000 304.80132 2.50103 2.50102
6       0.33432 305.00000 304.77673 2.50081 2.50079
7       0.66421 305.00000 304.83656 2.50055 2.50049
8       0.67360 305.00000 304.83883 2.50045 2.50039
9       0.67645 305.00000 304.83951 2.50043 2.50037
10      0.66456 305.00000 304.78301 2.50061 2.50056
11      0.67105 305.00000 304.82298 2.50063 2.50058
12      0.68620 305.00000 304.74883 2.50020 2.50014

==================================================

